30
0 1 5
0 2 8
0 3 2
0 4 9
0 5 3
0 6 8
0 7 5
0 8 9
0 9 3
0 10 1
0 11 1
0 12 6
0 13 4
0 14 2
0 15 8
0 16 6
0 17 7
0 18 3
0 19 7
0 20 2
0 21 4
0 22 3
0 23 2
0 24 2
0 25 7
0 26 8
0 27 4
0 28 4
0 29 9
0 30 2
1 2 7
1 3 5
1 4 1
1 5 4
1 6 8
1 7 6
1 8 3
1 9 5
1 10 2
1 11 6
1 12 4
1 13 7
1 14 2
1 15 3
1 16 4
1 17 6
1 18 8
1 19 9
1 20 1
1 21 7
1 22 4
1 23 1
1 24 9
1 25 4
1 26 8
1 27 2
1 28 4
1 29 2
1 30 8
2 3 7
2 4 1
2 5 8
2 6 9
2 7 7
2 8 2
2 9 2
2 10 7
2 11 7
2 12 7
2 13 6
2 14 3
2 15 7
2 16 4
2 17 1
2 18 9
2 19 6
2 20 9
2 21 9
2 22 5
2 23 3
2 24 4
2 25 4
2 26 9
2 27 8
2 28 8
2 29 9
2 30 6
3 4 7
3 5 5
3 6 4
3 7 1
3 8 5
3 9 6
3 10 3
3 11 9
3 12 8
3 13 8
3 14 5
3 15 7
3 16 7
3 17 8
3 18 9
3 19 2
3 20 4
3 21 8
3 22 2
3 23 6
3 24 9
3 25 7
3 26 7
3 27 4
3 28 8
3 29 1
3 30 8
4 5 6
4 6 2
4 7 1
4 8 6
4 9 8
4 10 9
4 11 6
4 12 9
4 13 7
4 14 6
4 15 2
4 16 7
4 17 1
4 18 1
4 19 8
4 20 8
4 21 3
4 22 5
4 23 6
4 24 2
4 25 8
4 26 9
4 27 3
4 28 6
4 29 7
4 30 1
5 6 9
5 7 5
5 8 7
5 9 5
5 10 8
5 11 2
5 12 2
5 13 8
5 14 1
5 15 5
5 16 7
5 17 5
5 18 8
5 19 5
5 20 2
5 21 6
5 22 3
5 23 6
5 24 3
5 25 5
5 26 4
5 27 7
5 28 7
5 29 8
5 30 4
6 7 8
6 8 7
6 9 1
6 10 1
6 11 3
6 12 1
6 13 3
6 14 8
6 15 8
6 16 6
6 17 6
6 18 1
6 19 2
6 20 2
6 21 4
6 22 9
6 23 9
6 24 4
6 25 8
6 26 6
6 27 3
6 28 7
6 29 1
6 30 6
7 8 4
7 9 1
7 10 7
7 11 2
7 12 3
7 13 4
7 14 1
7 15 1
7 16 7
7 17 4
7 18 6
7 19 6
7 20 6
7 21 5
7 22 2
7 23 6
7 24 6
7 25 3
7 26 3
7 27 7
7 28 9
7 29 3
7 30 3
8 9 4
8 10 4
8 11 4
8 12 3
8 13 5
8 14 5
8 15 4
8 16 8
8 17 4
8 18 2
8 19 7
8 20 6
8 21 7
8 22 4
8 23 6
8 24 5
8 25 5
8 26 5
8 27 5
8 28 8
8 29 6
8 30 8
9 10 9
9 11 2
9 12 3
9 13 3
9 14 7
9 15 8
9 16 9
9 17 4
9 18 3
9 19 7
9 20 5
9 21 7
9 22 3
9 23 2
9 24 4
9 25 8
9 26 7
9 27 4
9 28 7
9 29 1
9 30 3
10 11 5
10 12 1
10 13 1
10 14 6
10 15 4
10 16 5
10 17 6
10 18 4
10 19 9
10 20 3
10 21 9
10 22 4
10 23 2
10 24 8
10 25 6
10 26 3
10 27 5
10 28 8
10 29 9
10 30 5
11 12 4
11 13 4
11 14 3
11 15 3
11 16 7
11 17 9
11 18 3
11 19 2
11 20 8
11 21 6
11 22 6
11 23 2
11 24 4
11 25 5
11 26 7
11 27 3
11 28 7
11 29 9
11 30 6
12 13 4
12 14 8
12 15 5
12 16 6
12 17 9
12 18 5
12 19 4
12 20 5
12 21 2
12 22 4
12 23 2
12 24 2
12 25 2
12 26 5
12 27 7
12 28 5
12 29 6
12 30 1
13 14 3
13 15 8
13 16 2
13 17 7
13 18 2
13 19 9
13 20 9
13 21 1
13 22 6
13 23 2
13 24 4
13 25 2
13 26 8
13 27 8
13 28 7
13 29 6
13 30 3
14 15 6
14 16 4
14 17 9
14 18 1
14 19 9
14 20 8
14 21 7
14 22 8
14 23 8
14 24 8
14 25 8
14 26 4
14 27 1
14 28 4
14 29 2
14 30 9
15 16 2
15 17 9
15 18 9
15 19 2
15 20 2
15 21 3
15 22 3
15 23 8
15 24 9
15 25 5
15 26 3
15 27 2
15 28 4
15 29 7
15 30 7
16 17 2
16 18 7
16 19 2
16 20 6
16 21 7
16 22 6
16 23 2
16 24 5
16 25 9
16 26 9
16 27 8
16 28 7
16 29 1
16 30 7
17 18 3
17 19 9
17 20 9
17 21 9
17 22 4
17 23 8
17 24 5
17 25 4
17 26 1
17 27 4
17 28 1
17 29 7
17 30 9
18 19 3
18 20 8
18 21 3
18 22 4
18 23 1
18 24 5
18 25 1
18 26 7
18 27 9
18 28 5
18 29 1
18 30 4
19 20 5
19 21 8
19 22 8
19 23 9
19 24 7
19 25 4
19 26 3
19 27 6
19 28 9
19 29 2
19 30 4
20 21 9
20 22 3
20 23 8
20 24 6
20 25 9
20 26 2
20 27 4
20 28 7
20 29 9
20 30 5
21 22 4
21 23 4
21 24 6
21 25 7
21 26 4
21 27 5
21 28 5
21 29 9
21 30 9
22 23 3
22 24 7
22 25 1
22 26 6
22 27 4
22 28 1
22 29 6
22 30 1
23 24 7
23 25 4
23 26 1
23 27 1
23 28 9
23 29 2
23 30 4
24 25 5
24 26 9
24 27 5
24 28 6
24 29 5
24 30 2
25 26 5
25 27 8
25 28 4
25 29 3
25 30 8
26 27 4
26 28 1
26 29 9
26 30 5
27 28 4
27 29 8
27 30 5
28 29 5
28 30 4
29 30 8